# charge 500000.0 steps 5checked every  10 steps
#r potential 1.0 90
1.02 0
1.04 0
1.06 0
1.08 0
1.1 0
1.12 0
1.1400000000000001 0
1.16 0
1.18 0
1.2 0
1.22 0
1.24 0
1.26 0
1.28 0
1.3 0
1.32 0
1.34 0
1.3599999999999999 0
1.38 0
1.4 0
1.42 0
1.44 0
1.46 0
1.48 0
1.5 0
1.52 0
1.54 0
1.56 0
1.58 0
1.6 0
1.62 0
1.6400000000000001 0
1.6600000000000001 0
1.6800000000000002 0
1.7000000000000002 0
1.72 0
1.74 0
1.76 0
1.78 0
1.8 0
1.82 0
1.8399999999999999 0
1.8599999999999999 0
1.88 0
1.9 0
1.92 0
1.94 0
1.96 0
1.98 0
